34 35 0 0 0 0 0 0 38 39 39 40 40 40 23 23 24 24 23 40 39 39 39 40 
0 0 0 0 0 0 0 0 38 39 39 40 40 40 23 23 24 24 23 40 39 39 39 40 
0 0 0 0 0 0 0 0 38 39 39 40 40 40 23 23 24 24 23 40 39 39 39 40 
7 7 7 8 8 9 0 0 38 39 39 40 40 40 23 23 24 24 23 40 39 39 39 40 
23 24 24 39 39 25 0 0 54 55 56 55 56 55 56 84 86 55 56 37 39 40 40 40 
23 24 24 39 39 25 0 0 0 0 0 0 0 0 0 0 0 0 0 22 24 23 23 23  
23 23 23 23 39 25 0 0 0 0 0 0 0 0 0 0 0 0 0 22 24 23 23 23 
23 23 23 23 39 25 0 0 6 7 8 8 8 7 7 7 9 0 0 22 23 23 23 23 
23 23 23 23 39 25 0 0 38 39 40 39 40 40 24 23 41 0 0 54 55 55 55 55  
55 56 56 55 84 57 0 0 38 40 40 40 40 40 40 40 41 0 0 0 0 0 0 0  
0 0 0 0 0 0 0 0 38 40 40 40 40 40 40 40 41 0 0 0 0 0 0 0 
0 0 0 0 0 0 0 0 38 40 40 40 40 40 40 40 52 9 0 0 0 0 0 0 
0 0 0 0 0 0 0 0 38 36 37 40 40 40 40 40 40 52 9 0 0 0 0 0 
0 0 0 0 0 0 0 0 38 52 53 40 40 40 40 40 40 40 52 9 0 0 0 0 
